
0 5.37831550000000000000 .00685550000000000000
1 4.54438660000000000000 .02389860000000000000
2 2.29227180000000000000 .05447980000000000000
4 1.17582980000000000000 .00408880000000000000
8 .74421390000000000000 .01030110000000000000
12 .66739100000000000000 .01749200000000000000
16 .67228680000000000000 .01457580000000000000
20 .68162590000000000000 .00846690000000000000
24 .66170110000000000000 .00476910000000000000
28 .65741960000000000000 .00274760000000000000
32 .68346090000000000000 .00739790000000000000
