0 5.88570790000000000000 .21639910000000000000
1 4.88960700000000000000 .22628400000000000000
2 2.90201520000000000000 .02542380000000000000
4 1.48701590000000000000 .00172910000000000000
8 .74063500000000000000 .00423600000000000000
12 .49845900000000000000 .00127200000000000000
16 .37953940000000000000 .00894960000000000000
20 .36072460000000000000 .00073040000000000000
24 .33404400000000000000 .00727600000000000000
28 .31070600000000000000 .01574300000000000000
32 .28031040000000000000 .01101040000000000000
